1821
1972
8638
7768
4890
4316
5174
3470
5922
2057
9781
3169
5786
1452
3937
7955
6668
8633
439
4182
1585
5932
4545
644
4383
2507
8823
6554
9469
7500
6879
4179
6815
2939
8685
8929
2542
4358
7930
6601
8328
7434
4564
9793
3976
5248
1563
9246
6687
3344
4423
2903
3082
9681
5374
982
9676
8919
7552
5368
8892
1473
4301
6149
2002
739
7047
6967
2190
1537
5327
5853
118
5646
8766
6056
6278
8760
838
2785
2120
4163
9674
8675
6385
4526
4599
2340
9849
5771
3000
4263
611
4735
7783
3443
2018
5655
5684
7878
6636
137
2414
4072
9120
8169
5957
2056
1905
2834
1001
3159
4422
7908
6736
8025
7182
3590
6193
4150
5147
1173
202
3057
8651
2021
9951
7992
7082
3877
821
6876
3450
7495
382
867
618
2973
7979
996
1229
6370
8831
4029
8166
3047
6683
5432
1522
5541
8293
2360
1698
7112
72
6229
9790
3076
3579
6491
3639
6268
8403
3263
8649
960
2456
5410
8159
8978
2946
6195
2539
1611
5863
6376
3545
9282
2975
7159
773
4069
2816
3680
8363
6245
2873
9002
4870
6744
5708
9396
7576
5670
5011
3407
7002
2768
5185
3926
1170
3656
4766
8184
1960
3864
6603
2695
7739
7369
4759
3059
8096
5186
3541
5518
3119
1010
6917
9268
9193
2588
9084
6776
5096
9176
9484
7894
8121
3580
6446
2395
1732
9644
6518
7724
2044
2744
9983
7068
8913
5134
4357
2500
4613
2867
8528
2022
3931
1165
3644
4462
4306
3133
2581
1061
516
5487
2970
2749
6109
5540
2604
1150
6012
447
3694
3752
6154
2927
3289
2630
7637
7999
3887
2847
2145
93
719
7613
7953
7260
2605
679
2158
714
7611
3357
8662
863
9340
4565
4974
1647
3455
5188
5317
5968
9772
8529
7746
4598
8597
8038
1885
2224
5110
9611
7259
4563
9307
2531
6039
9576
1310
5229
2429
3907
9613
6106
9874
4394
9047
4612
3310
1357
2315
8555
123
541
4982
5519
4117
8748
4280
6276
1199
5993
3980
2702
5845
978
9950
4911
3213
8915
8338
451
3261
6829
1910
930
1352
6684
22
6671
108
2454
8860
1050
8986
4488
8211
3156
7639
8152
4868
3199
8117
6564
8044
436
2549
9022
3508
5598
6413
9325
2550
7776
2773
4811
5937
9116
6354
4461
7532
5245
7598
6120
7421
5044
323
8508
4379
3889
9073
2269
9978
4928
7258
4821
4058
3837
652
6011
2617
7187
9713
1478
7446
12
3308
1643
3084
8518
6304
6657
4373
8552
9630
3538
9915
8220
5293
5575
8458
2698
8163
8251
4210
8613
1376
9765
6843
2573
9784
4087
9539
1817
2610
1610
9248
4942
3592
2820
4559
2827
9200
139
5416
7862
9511
9733
8374
5764
1256
9255
602
1528
9797
7137
5337
8946
5550
3704
685
7974
1108
483
3447
3938
405
1658
4994
3713
9024
1837
7085
2451
8647
896
1444
6115
1008
5556
3364
8945
4788
153
5362
6849
9389
3686
6818
4021
7813
8414
4223
1788
